file;uncertain;quiteUncertain;veryUncertain;uncertainDensity;quiteUncertainDensity;veryUncertainDensitycb11a807521ccfc7f9ead0d449ceec0844185e24/gui/src/test/scala/com/kristofszilagyi/sedito/gui/FindUncertainFiles.scala;68;28;10;0.01530841963079694;0.006303466906798739;0.0022512381809995496
a4821e885d10fbdf11173d36b91689b09a072b82/build.sbt;10;3;1;0.0023391812865497076;7.017543859649122E-4;2.3391812865497077E-4
370a5b729fdad0a56d2846185eb3e72def8fabad/.travis.yml;1;1;1;0.023809523809523808;0.023809523809523808;0.023809523809523808
6d1d104006b07e1b120f162467a007bc269f054c/.travis.yml;0;0;0;0.0;0.0;0.0
1c10949c0a8d665ec9a55ec9da7c4bfb3142ab0c/gui/src/test/scala/com/kristofszilagyi/sedito/gui/FindUncertainFiles.scala;5;2;1;0.0027397260273972603;0.001095890410958904;5.47945205479452E-4
cb11a807521ccfc7f9ead0d449ceec0844185e24/gui/src/test/scala/com/kristofszilagyi/sedito/gui/FindUncertainFiles.scala;68;28;10;0.01530841963079694;0.006303466906798739;0.0022512381809995496
aa4c77393dedaa57e2f20e9456dab33f88839c1e/aligner/src/main/scala/com/kristofszilagyi/sedito/aligner/Pass1FeatureCalculator.scala;9;4;3;7.82336578581363E-4;3.477051460361613E-4;2.60778859527121E-4
aa4c77393dedaa57e2f20e9456dab33f88839c1e/aligner/src/test/scala/com/kristofszilagyi/sedito/aligner/IndentationCalculatorTest.scala;39;3;2;0.016216216216216217;0.0012474012474012475;8.316008316008316E-4
aa4c77393dedaa57e2f20e9456dab33f88839c1e/build.sbt;4;3;3;0.0013373453694416582;0.0010030090270812437;0.0010030090270812437
aa4c77393dedaa57e2f20e9456dab33f88839c1e/gui/src/main/scala/com/kristofszilagyi/sedito/gui/DiffPaneSession.scala;7;1;1;0.0025754231052244297;3.679175864606328E-4;3.679175864606328E-4
aa4c77393dedaa57e2f20e9456dab33f88839c1e/gui/src/main/scala/com/kristofszilagyi/sedito/gui/Editor.scala;3;1;1;3.8714672861014324E-4;1.290489095367144E-4;1.290489095367144E-4
aa4c77393dedaa57e2f20e9456dab33f88839c1e/gui/src/main/scala/com/kristofszilagyi/sedito/gui/Main.scala;16;8;5;0.004030226700251889;0.0020151133501259445;0.0012594458438287153
aa4c77393dedaa57e2f20e9456dab33f88839c1e/gui/src/test/scala/com/kristofszilagyi/sedito/gui/TrainAndDiff.scala;0;0;0;0.0;0.0;0.0
3156b56c132db4388144cad98963095399f6b45d/gui/src/test/scala/com/kristofszilagyi/sedito/gui/TrainAndDiff.scala;1;1;1;2.9717682020802375E-4;2.9717682020802375E-4;2.9717682020802375E-4
b5ebb689b39ba78e922f34ed5b883be58ac7442b/avg_learning_curve.arff;2436;633;380;0.001900302753488764;4.937978829878438E-4;2.964347480811701E-4
b5ebb689b39ba78e922f34ed5b883be58ac7442b/gui/src/test/scala/com/kristofszilagyi/sedito/gui/LearningCurve.scala;5;2;2;0.00362844702467344;0.001451378809869376;0.001451378809869376
e26d812efdaebe432b60342cf2b55e55134cc2b6/aligner/src/main/resources/first_phase_scaler.xml;48171;43144;42091;0.5655599126494001;0.5065395543240895;0.4941766266701106
7d6f884a8884bf8916633e6acfa46a6672619634/gui/src/test/scala/com/kristofszilagyi/sedito/gui/TrainAndDiff.scala;17;5;5;0.004121212121212121;0.0012121212121212121;0.0012121212121212121
8edfd2dbf90c17789a3da45048459603f2763745/avg_learning_curve.arff;2804;341;195;0.018088105329024183;0.0021997303556338253;0.0012579103206703695
8edfd2dbf90c17789a3da45048459603f2763745/gui/src/test/scala/com/kristofszilagyi/sedito/gui/LearningCurve.scala;4;0;0;0.0024024024024024023;0.0;0.0
8edfd2dbf90c17789a3da45048459603f2763745/gui/src/test/scala/com/kristofszilagyi/sedito/gui/Train.scala;0;0;0;0.0;0.0;0.0
a25f0aa8a0046ccc1cacd61fc0f3eaa5df6a38a1/gui/src/test/scala/com/kristofszilagyi/sedito/gui/LearningCurve.scala;192;93;63;0.011369692662995203;0.005507194883638301;0.0037306804050453012
a25f0aa8a0046ccc1cacd61fc0f3eaa5df6a38a1/gui/src/test/scala/com/kristofszilagyi/sedito/gui/TrainAndDiff.scala;6;1;0;0.0013676772281741509;2.2794620469569182E-4;0.0
5131cb9a6d6fda72bc6f1139408be58e3d21cfa5/pass1results.txt;5079;1944;1147;0.0021328587488152534;8.163570403025896E-4;4.8166745124849297E-4
c1308e5338d2393f8efb604de5fdf5eaadcf977b/common/src/main/scala/com/kristofszilagyi/sedito/common/WordAlignment.scala;5;2;1;0.0012693577050012694;5.077430820005078E-4;2.538715410002539E-4
c1308e5338d2393f8efb604de5fdf5eaadcf977b/gui/src/test/scala/com/kristofszilagyi/sedito/gui/TrainAndDiff.scala;79;31;18;0.005359202225086493;0.0021029780883250796;0.0012210840512855302
243c714f1bdbb5e60327c5c625ad6d08392412ff/common/src/main/scala/com/kristofszilagyi/sedito/common/WordAlignment.scala;4;1;1;0.0013788348845225785;3.447087211306446E-4;3.447087211306446E-4
243c714f1bdbb5e60327c5c625ad6d08392412ff/gui/src/test/scala/com/kristofszilagyi/sedito/gui/TrainAndDiff.scala;84;29;20;0.008744534665833853;0.0030189464917759735;0.002082032063293775
122f3e21d39f23f0cf045ff3a03137be781a7e02/pass1results.txt;4206;1665;978;0.0020267330229787966;8.023087216499516E-4;4.7126602388807964E-4
3654f13cc7e554c99b582103f3c1c412fe8e9fcf/pass1results.txt;4525;1684;950;0.0020196330650308456;7.516159296158993E-4;4.2401136171918305E-4
e3cc2fb9524d22fb0968d021e0de652decc28da9/common/src/test/resources/algorithm_tests/full_tests/everything_commented2/left.txt;34;25;19;0.0039590125756870055;0.0029110386585933863;0.0022123893805309734
e3cc2fb9524d22fb0968d021e0de652decc28da9/common/src/test/resources/algorithm_tests/full_tests/everything_commented2/right.txt;62;38;23;0.002398638192510059;0.0014701330857319714;8.898173939956669E-4
57f534d49b2ecda4a24b5845c8e62f0f58cdf8c3/pass1results.txt;4362;1601;913;0.002032301574544514;7.459227007899512E-4;4.2537628096266425E-4
c7d227da18137af575984bd1bab7c878f9558791/common/src/test/resources/algorithm_tests/full_tests/unnecessary_moves/left.txt;10;0;0;6.32827282449801E-5;0.0;0.0
c7d227da18137af575984bd1bab7c878f9558791/common/src/test/resources/algorithm_tests/full_tests/unnecessary_moves/right.txt;9;0;0;6.769716800180526E-5;0.0;0.0
2cecdf090df61cfeb4a105e4f1acbe837d6338b7/pass1results.txt;4423;1767;975;0.00231708007049204;9.256795126745275E-4;5.107739246506306E-4
90563018926795427fad4cf3652b84d51f7567f5/gui/src/main/scala/com/kristofszilagyi/sedito/gui/Main.scala;52;25;15;0.00933572710951526;0.004488330341113106;0.0026929982046678637
90563018926795427fad4cf3652b84d51f7567f5/gui/src/test/scala/com/kristofszilagyi/sedito/gui/TrainAndDiff.scala;12;8;3;0.003630862329803328;0.002420574886535552;9.07715582450832E-4
90563018926795427fad4cf3652b84d51f7567f5/pass1results.txt;473;189;107;0.0014051327449401854;5.61458961508869E-4;3.178630099547565E-4
2e5e45c22e82db14cbff5a40f6186d5ce68fd55f/gui/src/test/scala/com/kristofszilagyi/sedito/gui/FeatureElimination.scala;6;2;1;0.0029426189308484553;9.80872976949485E-4;4.904364884747426E-4
2e5e45c22e82db14cbff5a40f6186d5ce68fd55f/gui/src/test/scala/com/kristofszilagyi/sedito/gui/TrainAndDiff.scala;8;3;2;0.001321658681645465;4.956220056170494E-4;3.3041467041136624E-4
2e5e45c22e82db14cbff5a40f6186d5ce68fd55f/gui/src/test/scala/com/kristofszilagyi/sedito/gui/TrainingData.scala;205;62;36;0.01857893782853;0.00561899583106761;0.0032626427406199023
f6596bce7a1fea4a04b5f8c2bb24ca482318e744/aligner/src/main/scala/com/kristofszilagyi/sedito/aligner/Features.scala;12;10;7;0.0759493670886076;0.06329113924050633;0.04430379746835443
f6596bce7a1fea4a04b5f8c2bb24ca482318e744/gui/src/test/scala/com/kristofszilagyi/sedito/gui/LearningCurve.scala;7;0;0;0.004305043050430504;0.0;0.0
f6596bce7a1fea4a04b5f8c2bb24ca482318e744/gui/src/test/scala/com/kristofszilagyi/sedito/gui/Train.scala;11;3;2;0.001937984496124031;5.285412262156448E-4;3.5236081747709656E-4
f6596bce7a1fea4a04b5f8c2bb24ca482318e744/gui/src/test/scala/com/kristofszilagyi/sedito/gui/TrainAndDiff.scala;113;55;37;0.007018633540372671;0.0034161490683229812;0.002298136645962733
f6596bce7a1fea4a04b5f8c2bb24ca482318e744/gui/src/test/scala/com/kristofszilagyi/sedito/gui/TrainPass2.scala;5;0;0;0.0015938795027095952;0.0;0.0
f6596bce7a1fea4a04b5f8c2bb24ca482318e744/gui/src/test/scala/com/kristofszilagyi/sedito/gui/TrainingData.scala;117;55;39;0.01832706766917293;0.008615288220551378;0.006109022556390977
f6596bce7a1fea4a04b5f8c2bb24ca482318e744/gui/src/test/scala/com/kristofszilagyi/sedito/gui/WriteFeatures.scala;0;0;0;0.0;0.0;0.0
3fb372f27566d9259043549343e0494d0a6f3a90/aligner/src/main/resources/first_phase_scaler.xml;26655;24766;24479;0.7535408362310236;0.7001385237327905;0.6920249908122014
3fb372f27566d9259043549343e0494d0a6f3a90/aligner/src/main/scala/com/kristofszilagyi/sedito/aligner/IndentationCalculator.scala;36;10;7;0.033271719038817;0.009242144177449169;0.006469500924214418
3fb372f27566d9259043549343e0494d0a6f3a90/aligner/src/main/scala/com/kristofszilagyi/sedito/aligner/Pass1FeatureCalculator.scala;72;26;20;0.0032009958653803406;0.0011559151736095675;8.891655181612057E-4
3fb372f27566d9259043549343e0494d0a6f3a90/gui/src/test/scala/com/kristofszilagyi/sedito/gui/Train.scala;6;5;1;0.002536997885835095;0.0021141649048625794;4.2283298097251583E-4
536b0b3d327d4e64d79c9fcbbf9fb5434a38c2c7/aligner/src/main/scala/com/kristofszilagyi/sedito/aligner/CandidateFinder.scala;1;1;1;0.0035460992907801418;0.0035460992907801418;0.0035460992907801418
536b0b3d327d4e64d79c9fcbbf9fb5434a38c2c7/aligner/src/main/scala/com/kristofszilagyi/sedito/aligner/LineAlignmentCacher.scala;2;2;2;0.004830917874396135;0.004830917874396135;0.004830917874396135
536b0b3d327d4e64d79c9fcbbf9fb5434a38c2c7/aligner/src/main/scala/com/kristofszilagyi/sedito/aligner/Pass1Aligner.scala;2;1;1;0.001936108422071636;9.68054211035818E-4;9.68054211035818E-4
536b0b3d327d4e64d79c9fcbbf9fb5434a38c2c7/aligner/src/test/scala/com/kristofszilagyi/sedito/aligner/BeforeAfterBestContextFeaturesTest.scala;2;2;1;8.928571428571428E-4;8.928571428571428E-4;4.464285714285714E-4
536b0b3d327d4e64d79c9fcbbf9fb5434a38c2c7/gui/src/test/scala/com/kristofszilagyi/sedito/gui/FeatureElimination.scala;1;1;1;0.0016;0.0016;0.0016
536b0b3d327d4e64d79c9fcbbf9fb5434a38c2c7/gui/src/test/scala/com/kristofszilagyi/sedito/gui/TrainAndDiff.scala;5;2;2;0.0020300446609825416;8.120178643930166E-4;8.120178643930166E-4
536b0b3d327d4e64d79c9fcbbf9fb5434a38c2c7/gui/src/test/scala/com/kristofszilagyi/sedito/gui/TrainPass2.scala;1;1;1;4.139072847682119E-4;4.139072847682119E-4;4.139072847682119E-4
852f1e02e14f822eb8374256e6df2f48b3b8cd9f/gui/src/main/scala/com/kristofszilagyi/sedito/gui/IndentationCalculator.scala;58;20;7;0.024733475479744138;0.008528784648187633;0.0029850746268656717
852f1e02e14f822eb8374256e6df2f48b3b8cd9f/gui/src/test/scala/com/kristofszilagyi/sedito/gui/IndentationCalculatorTest.scala;141;67;57;0.033918691363964394;0.016117392350252585;0.013711811402453693
0efea33aa5f97bf88f0041f73712fe42a37011cd/gui/src/test/scala/com/kristofszilagyi/sedito/gui/Train.scala;3;1;1;6.648936170212766E-4;2.2163120567375886E-4;2.2163120567375886E-4
cbde0e51ec60d38fb17421ec758870ca93ce18a9/gui/src/test/scala/com/kristofszilagyi/sedito/gui/TrainPass2.scala;24;3;2;0.003980759661635429;4.975949577044286E-4;3.317299718029524E-4
fed1e1fa0b3fcd15cbccd7cd80af859e9e4bf4f9/gui/src/test/scala/com/kristofszilagyi/sedito/gui/TestPass2Context.scala;6;2;0;0.004846526655896607;0.0016155088852988692;0.0
fed1e1fa0b3fcd15cbccd7cd80af859e9e4bf4f9/gui/src/test/scala/com/kristofszilagyi/sedito/gui/TrainPass2.scala;27;5;2;0.0037001507468822806;6.852131012744963E-4;2.740852405097985E-4
413a5d903559527ffee43af9aa23ec357af09982/gui/src/test/scala/com/kristofszilagyi/sedito/gui/TestPass2Context.scala;222;78;46;0.03626265926167919;0.01274093433518458;0.007513884351519112
29906531c60ae861e320755bb71d416b262d61d4/gui/src/test/scala/com/kristofszilagyi/sedito/gui/TestPass2Context.scala;23;3;1;0.027090694935217905;0.0035335689045936395;0.001177856301531213
09c548da29ae0cea753e3940c0ee4c0c3425f552/gui/src/test/scala/com/kristofszilagyi/sedito/gui/TestPass2Context.scala;5;1;0;0.008223684210526315;0.001644736842105263;0.0
ad4c427cf9f7f954916939c46eaaf76fa0931995/gui/src/test/scala/com/kristofszilagyi/sedito/gui/TrainPass2.scala;208;99;65;0.01323239391818818;0.006298110566829951;0.004135123099433806
c4320cefb654c3746b5edd07e9ba0a07d365bf0d/gui/src/test/scala/com/kristofszilagyi/sedito/gui/TrainPass2.scala;5;0;0;0.0013462574044157242;0.0;0.0
86296c30ab96f28cf97c71e3751eb83ae2184bac/aligner/src/main/scala/com/kristofszilagyi/sedito/aligner/Pass1Aligner.scala;30;16;8;0.016574585635359115;0.008839779005524863;0.004419889502762431
86296c30ab96f28cf97c71e3751eb83ae2184bac/build.sbt;11;2;2;0.0034755134281200632;6.31911532385466E-4;6.31911532385466E-4
86296c30ab96f28cf97c71e3751eb83ae2184bac/gui/src/test/scala/com/kristofszilagyi/sedito/gui/Analyzer.scala;12;2;1;0.010462074978204011;0.0017436791630340018;8.718395815170009E-4
86296c30ab96f28cf97c71e3751eb83ae2184bac/gui/src/test/scala/com/kristofszilagyi/sedito/gui/TrainPass2.scala;81;26;17;0.006827952457219928;0.0021916884430582483;0.0014330270589227008
ccf357ba94fed94dd203a7798beb22d1af6c823c/gui/src/test/scala/com/kristofszilagyi/sedito/gui/TrainPass2.scala;49;20;11;0.021093413689195005;0.008609556607834697;0.004735256134309083
9a273f420bb9e24dbe6adb6dea4629bd419cc35f/gui/src/test/scala/com/kristofszilagyi/sedito/gui/TrainPass2.scala;65;26;14;0.013993541442411194;0.005597416576964478;0.0030139935414424113
d46c279f84c249d97a96ffe7adeba6417a6f402e/gui/src/test/scala/com/kristofszilagyi/sedito/gui/TrainPass2.scala;17;8;3;0.0069786535303776685;0.003284072249589491;0.0012315270935960591
1d4557088590da5412e02b845185e0e3e0127b93/.idea/inspectionProfiles/Project_Default.xml;7;6;6;0.0231023102310231;0.019801980198019802;0.019801980198019802
1d4557088590da5412e02b845185e0e3e0127b93/aligner/src/main/scala/com/kristofszilagyi/sedito/aligner/Pass1Aligner.scala;14;7;6;0.008130081300813009;0.0040650406504065045;0.003484320557491289
1d4557088590da5412e02b845185e0e3e0127b93/gui/src/test/scala/com/kristofszilagyi/sedito/gui/TrainPass2.scala;190;87;52;0.01160092807424594;0.005312003907681035;0.003174990841372573
1d4557088590da5412e02b845185e0e3e0127b93/gui/src/test/scala/com/kristofszilagyi/sedito/gui/WholeAlgorithmMeasurer.scala;1;1;1;5.966587112171838E-4;5.966587112171838E-4;5.966587112171838E-4
57fc80afae5bd90ea9afb5eb7bd6eb0dc940e9e8/gui/src/test/scala/com/kristofszilagyi/sedito/gui/WriteFeatures.scala;62;40;31;0.01904761904761905;0.01228878648233487;0.009523809523809525
c54000eb59d2fd8802b358e3c27087aaf72e712a/gui/src/test/scala/com/kristofszilagyi/sedito/gui/TrainAndDiff.scala;13;5;3;0.004582305252026789;0.0017624250969333803;0.0010574550581600281
c54000eb59d2fd8802b358e3c27087aaf72e712a/gui/src/test/scala/com/kristofszilagyi/sedito/gui/TrainPass2.scala;7;2;0;0.004804392587508579;0.0013726835964310226;0.0
c54000eb59d2fd8802b358e3c27087aaf72e712a/gui/src/test/scala/com/kristofszilagyi/sedito/gui/WriteFeatures.scala;78;35;12;0.03529411764705882;0.01583710407239819;0.005429864253393665
1d388b4ac66e3eb641e9e2f3f0838d22953fa9ee/aligner/src/main/scala/com/kristofszilagyi/sedito/aligner/LineAlignmentCacher.scala;5;3;2;0.008361204013377926;0.005016722408026756;0.0033444816053511705
1d388b4ac66e3eb641e9e2f3f0838d22953fa9ee/aligner/src/main/scala/com/kristofszilagyi/sedito/aligner/Pass1Aligner.scala;3;2;2;0.0014492753623188406;9.66183574879227E-4;9.66183574879227E-4
1d388b4ac66e3eb641e9e2f3f0838d22953fa9ee/aligner/src/main/scala/com/kristofszilagyi/sedito/aligner/Pass1MetricCalculator.scala;202;83;67;0.0016067962709599415;6.60218269750867E-4;5.329472779916637E-4
1d388b4ac66e3eb641e9e2f3f0838d22953fa9ee/aligner/src/test/scala/com/kristofszilagyi/sedito/aligner/Pass1MetricCalculatorTest.scala;1;1;1;5.10986203372509E-4;5.10986203372509E-4;5.10986203372509E-4
1d388b4ac66e3eb641e9e2f3f0838d22953fa9ee/gui/src/test/scala/com/kristofszilagyi/sedito/gui/FeatureElimination.scala;7;5;3;0.0043969849246231155;0.00314070351758794;0.0018844221105527637
1d388b4ac66e3eb641e9e2f3f0838d22953fa9ee/gui/src/test/scala/com/kristofszilagyi/sedito/gui/LearningCurve.scala;2;1;0;0.0011580775911986102;5.790387955993051E-4;0.0
1d388b4ac66e3eb641e9e2f3f0838d22953fa9ee/gui/src/test/scala/com/kristofszilagyi/sedito/gui/TestPass2.scala;305;47;23;0.012116637533767679;0.0018671539806133799;9.137136500873987E-4
1d388b4ac66e3eb641e9e2f3f0838d22953fa9ee/gui/src/test/scala/com/kristofszilagyi/sedito/gui/Train.scala;18;7;5;0.001736446073702489;6.752845842176346E-4;4.823461315840247E-4
1d388b4ac66e3eb641e9e2f3f0838d22953fa9ee/gui/src/test/scala/com/kristofszilagyi/sedito/gui/TrainAndDiff.scala;16;12;8;0.002130209026760751;0.0015976567700705631;0.0010651045133803754
1d388b4ac66e3eb641e9e2f3f0838d22953fa9ee/gui/src/test/scala/com/kristofszilagyi/sedito/gui/TrainPass2.scala;36;15;13;0.003994230555863752;0.001664262731609897;0.0014423610340619105
1d388b4ac66e3eb641e9e2f3f0838d22953fa9ee/gui/src/test/scala/com/kristofszilagyi/sedito/gui/WholeAlgorithmMeasurer.scala;4;2;1;0.0010735373054213634;5.367686527106817E-4;2.6838432635534085E-4
1d388b4ac66e3eb641e9e2f3f0838d22953fa9ee/gui/src/test/scala/com/kristofszilagyi/sedito/gui/WriteFeatures.scala;7;4;3;0.004864489228630994;0.002779708130646282;0.0020847810979847115
359af11879c8721af088f2ca9ab08b639d27b38a/gui/src/test/scala/com/kristofszilagyi/sedito/gui/TrainIterative.scala;503;150;74;0.010564341671392266;0.0031504001008128032;0.0015541973830676496
9f51fbdf6aaa0bb0b92b337aa34e88357a021694/gui/src/test/scala/com/kristofszilagyi/sedito/gui/TrainPass2.scala;79;23;13;0.01959811461175887;0.005705780203423468;0.0032250062019350038
d1faa884e7d3b6afcbe4ff9f78ae24a46692ace7/.idea/inspectionProfiles/Project_Default.xml;5;3;2;0.012658227848101266;0.007594936708860759;0.005063291139240506
d1faa884e7d3b6afcbe4ff9f78ae24a46692ace7/aligner/src/main/scala/com/kristofszilagyi/sedito/aligner/Metrics.scala;1;0;0;0.007352941176470588;0.0;0.0
d1faa884e7d3b6afcbe4ff9f78ae24a46692ace7/aligner/src/main/scala/com/kristofszilagyi/sedito/aligner/Pass1Aligner.scala;2;2;0;0.0016625103906899418;0.0016625103906899418;0.0
d1faa884e7d3b6afcbe4ff9f78ae24a46692ace7/gui/src/test/scala/com/kristofszilagyi/sedito/gui/TestPass2.scala;134;30;15;0.011630934814686225;0.0026039406301536323;0.0013019703150768162
d1faa884e7d3b6afcbe4ff9f78ae24a46692ace7/gui/src/test/scala/com/kristofszilagyi/sedito/gui/TrainAndDiff.scala;10;5;4;0.0048449612403100775;0.0024224806201550387;0.001937984496124031
bde7c3f2d18aaeb57ddfbfda576f2fc1367d2942/gui/src/test/scala/com/kristofszilagyi/sedito/gui/TrainPass2.scala;3;1;0;0.0012043356081894822;4.014452027298274E-4;0.0
70b5cfe4163d30e467d0c76ba6627b6659e5afaf/gui/src/test/scala/com/kristofszilagyi/sedito/gui/TestPass2.scala;134;50;33;0.03308641975308642;0.012345679012345678;0.008148148148148147
f86888f8a834d98eba905cd19270a4ea35d3654e/gui/src/test/scala/com/kristofszilagyi/sedito/gui/TrainPass2.scala;75;19;11;0.00790722192936215;0.0020031628887717447;0.0011597258829731155
b4881a73861d58ad51df85bcf05cf6c8e3c601fd/.travis.yml;0;0;0;0.0;0.0;0.0
775624df081d5e22184f3270e336f87a76add4c5/.travis.yml;2;1;1;0.18181818181818182;0.09090909090909091;0.09090909090909091
775624df081d5e22184f3270e336f87a76add4c5/build.sbt;0;0;0;0.0;0.0;0.0
775624df081d5e22184f3270e336f87a76add4c5/gui/src/test/scala/com/kristofszilagyi/sedito/gui/TestLineEndingPreservation.scala;7;0;0;0.0045691906005221935;0.0;0.0
775624df081d5e22184f3270e336f87a76add4c5/project/build.properties;2;0;0;0.13333333333333333;0.0;0.0
775624df081d5e22184f3270e336f87a76add4c5/project/plugins.sbt;2;0;0;0.003257328990228013;0.0;0.0
b81fc4b647eaf1303e70d7cfe380865508c408a5/aligner/src/test/scala/com/kristofszilagyi/sedito/aligner/Pass1MetricCalculatorTest.scala;18;9;6;0.004449938195302843;0.0022249690976514215;0.0014833127317676143
dc71b1d2dce840e2d954d3adb3f859f92c152567/aligner/src/main/scala/com/kristofszilagyi/sedito/aligner/Pass1Aligner.scala;2;0;0;0.002306805074971165;0.0;0.0
3f38d35f691d27c7467f741bb4e55663d616d33e/gui/src/test/scala/com/kristofszilagyi/sedito/gui/TrainPass2.scala;49;19;7;0.007463823305407464;0.002894135567402894;0.0010662604722010663
ec7550812b1e8c92e192deea38f0a3f0e92d13fa/gui/src/test/scala/com/kristofszilagyi/sedito/gui/TrainAndDiff.scala;12;6;4;0.003723239218119764;0.001861619609059882;0.0012410797393732546
ec7550812b1e8c92e192deea38f0a3f0e92d13fa/gui/src/test/scala/com/kristofszilagyi/sedito/gui/TrainPass2.scala;16;5;3;0.004703115814226925;0.0014697236919459142;8.818342151675485E-4
83a73fb664238cf93e6beefc3336ca56790e5389/aligner/src/main/scala/com/kristofszilagyi/sedito/aligner/Pass1Aligner.scala;57;22;14;0.010456796917996699;0.004035956705191708;0.002568336085121996
83a73fb664238cf93e6beefc3336ca56790e5389/gui/src/test/scala/com/kristofszilagyi/sedito/gui/FeatureElimination.scala;7;3;2;0.011494252873563218;0.0049261083743842365;0.003284072249589491
83a73fb664238cf93e6beefc3336ca56790e5389/gui/src/test/scala/com/kristofszilagyi/sedito/gui/LearningCurve.scala;2;0;0;0.0015372790161414297;0.0;0.0
83a73fb664238cf93e6beefc3336ca56790e5389/gui/src/test/scala/com/kristofszilagyi/sedito/gui/Train.scala;11;2;2;0.002410694718387026;4.3830813061582295E-4;4.3830813061582295E-4
83a73fb664238cf93e6beefc3336ca56790e5389/gui/src/test/scala/com/kristofszilagyi/sedito/gui/TrainAndDiff.scala;6;1;0;0.0022497187851518562;3.749531308586427E-4;0.0
e28b73b7ba2bf551b046c9140eab5a8067fb2d91/gui/src/main/scala/com/kristofszilagyi/sedito/gui/Main.scala;2;2;2;9.775171065493646E-4;9.775171065493646E-4;9.775171065493646E-4
e28b73b7ba2bf551b046c9140eab5a8067fb2d91/gui/src/test/scala/com/kristofszilagyi/sedito/gui/LearningCurve.scala;2;2;2;0.0010775862068965517;0.0010775862068965517;0.0010775862068965517
e28b73b7ba2bf551b046c9140eab5a8067fb2d91/gui/src/test/scala/com/kristofszilagyi/sedito/gui/TrainAndDiff.scala;4;1;1;0.002628120893561104;6.57030223390276E-4;6.57030223390276E-4
e28b73b7ba2bf551b046c9140eab5a8067fb2d91/gui/src/test/scala/com/kristofszilagyi/sedito/gui/WholeAlgorithmMeasurer.scala;6;2;2;0.002126151665485471;7.087172218284905E-4;7.087172218284905E-4
d16ba12ebafcba143ef9692bff676b08822f4c9d/gui/src/test/scala/com/kristofszilagyi/sedito/gui/FeatureElimination.scala;3;1;1;0.003125;0.0010416666666666667;0.0010416666666666667
d16ba12ebafcba143ef9692bff676b08822f4c9d/gui/src/test/scala/com/kristofszilagyi/sedito/gui/LearningCurve.scala;2;0;0;8.59106529209622E-4;0.0;0.0
d16ba12ebafcba143ef9692bff676b08822f4c9d/gui/src/test/scala/com/kristofszilagyi/sedito/gui/TrainAndDiff.scala;74;26;18;9.953059220702363E-4;3.497020807273803E-4;2.42101440503571E-4
d16ba12ebafcba143ef9692bff676b08822f4c9d/gui/src/test/scala/com/kristofszilagyi/sedito/gui/TrainingData.scala;4;0;0;0.0037105751391465678;0.0;0.0
d16ba12ebafcba143ef9692bff676b08822f4c9d/gui/src/test/scala/com/kristofszilagyi/sedito/gui/WholeAlgorithmMeasurer.scala;1;1;0;6.042296072507553E-4;6.042296072507553E-4;0.0
779305a33f967454617f31adffe41cb50bd0355a/aligner/src/main/scala/com/kristofszilagyi/sedito/aligner/Pass1MetricCalculator.scala;6;0;0;0.0011698186781048938;0.0;0.0
779305a33f967454617f31adffe41cb50bd0355a/gui/src/test/scala/com/kristofszilagyi/sedito/gui/TrainAndDiff.scala;49;7;0;0.0037776578521316784;5.396654074473826E-4;0.0
5347279e2a3c1acb267dc2c7ea9a1ef9210e9c4d/gui/src/test/scala/com/kristofszilagyi/sedito/gui/LearningCurve.scala;6;3;3;0.0018253726802555522;9.126863401277761E-4;9.126863401277761E-4
5347279e2a3c1acb267dc2c7ea9a1ef9210e9c4d/gui/src/test/scala/com/kristofszilagyi/sedito/gui/TrainAndDiff.scala;38;21;11;0.0016617833559277562;9.183539598548126E-4;4.8104255040013995E-4
5347279e2a3c1acb267dc2c7ea9a1ef9210e9c4d/gui/src/test/scala/com/kristofszilagyi/sedito/gui/WholeAlgorithmMeasurer.scala;1;1;1;4.8638132295719845E-4;4.8638132295719845E-4;4.8638132295719845E-4
8e1f57f8d252e1f98cdb8cf6ed583f59e374930e/gui/src/test/scala/com/kristofszilagyi/sedito/gui/LearningCurve.scala;3;2;1;0.0012776831345826234;8.517887563884157E-4;4.2589437819420784E-4
8e1f57f8d252e1f98cdb8cf6ed583f59e374930e/gui/src/test/scala/com/kristofszilagyi/sedito/gui/TrainAndDiff.scala;0;0;0;0.0;0.0;0.0
8e1f57f8d252e1f98cdb8cf6ed583f59e374930e/gui/src/test/scala/com/kristofszilagyi/sedito/gui/WholeAlgorithmMeasurer.scala;1;1;1;6.024096385542169E-4;6.024096385542169E-4;6.024096385542169E-4
33c5249ddbb1e511217e6ffe1df6bd755e07eb37/aligner/src/main/scala/com/kristofszilagyi/sedito/aligner/CandidateFinder.scala;2;1;1;0.007142857142857143;0.0035714285714285713;0.0035714285714285713
33c5249ddbb1e511217e6ffe1df6bd755e07eb37/aligner/src/main/scala/com/kristofszilagyi/sedito/aligner/LineAlignmentCacher.scala;2;2;2;0.004819277108433735;0.004819277108433735;0.004819277108433735
33c5249ddbb1e511217e6ffe1df6bd755e07eb37/aligner/src/test/scala/com/kristofszilagyi/sedito/aligner/BeforeAfterBestContextMetricsTest.scala;3;2;1;0.0013163668275559457;8.775778850372971E-4;4.3878894251864854E-4
33c5249ddbb1e511217e6ffe1df6bd755e07eb37/gui/src/main/scala/com/kristofszilagyi/sedito/gui/Main.scala;0;0;0;0.0;0.0;0.0
33c5249ddbb1e511217e6ffe1df6bd755e07eb37/gui/src/test/scala/com/kristofszilagyi/sedito/gui/DrawLearningCurve.scala;0;0;0;0.0;0.0;0.0
33c5249ddbb1e511217e6ffe1df6bd755e07eb37/gui/src/test/scala/com/kristofszilagyi/sedito/gui/FeatureElimination.scala;8;2;2;0.006872852233676976;0.001718213058419244;0.001718213058419244
33c5249ddbb1e511217e6ffe1df6bd755e07eb37/gui/src/test/scala/com/kristofszilagyi/sedito/gui/LearningCurve.scala;0;0;0;0.0;0.0;0.0
33c5249ddbb1e511217e6ffe1df6bd755e07eb37/gui/src/test/scala/com/kristofszilagyi/sedito/gui/TrainAndDiff.scala;25;6;6;0.0027038719446247027;6.489292667099286E-4;6.489292667099286E-4
33c5249ddbb1e511217e6ffe1df6bd755e07eb37/gui/src/test/scala/com/kristofszilagyi/sedito/gui/WholeAlgorithmMeasurer.scala;4;0;0;0.0015390534821085034;0.0;0.0
6ab5c86ff20671ff67e67310b2cd7ee0516c6a72/gui/src/test/scala/com/kristofszilagyi/sedito/gui/LearningCurve.scala;7;1;1;0.0015317286652078775;2.188183807439825E-4;2.188183807439825E-4
6ab5c86ff20671ff67e67310b2cd7ee0516c6a72/gui/src/test/scala/com/kristofszilagyi/sedito/gui/TrainAndDiff.scala;32;8;3;0.0013113679206622408;3.278419801655602E-4;1.2294074256208508E-4
6ab5c86ff20671ff67e67310b2cd7ee0516c6a72/gui/src/test/scala/com/kristofszilagyi/sedito/gui/WholeAlgorithmMeasurer.scala;4;3;2;0.0014942099364960778;0.0011206574523720584;7.471049682480389E-4
ecff7b1753d47793aa92d25a4252f544b3761b11/gui/src/main/scala/com/kristofszilagyi/sedito/gui/Main.scala;3;1;0;0.00146484375;4.8828125E-4;0.0
ecff7b1753d47793aa92d25a4252f544b3761b11/gui/src/test/scala/com/kristofszilagyi/sedito/gui/LearningCurve.scala;4;1;0;0.0021413276231263384;5.353319057815846E-4;0.0
ecff7b1753d47793aa92d25a4252f544b3761b11/gui/src/test/scala/com/kristofszilagyi/sedito/gui/TrainAndDiff.scala;6;0;0;0.001445086705202312;0.0;0.0
ecff7b1753d47793aa92d25a4252f544b3761b11/gui/src/test/scala/com/kristofszilagyi/sedito/gui/WholeAlgorithmMeasurer.scala;11;1;0;0.0038287504350852765;3.480682213713888E-4;0.0
cf95540d01f1c524a886d87217cb509b0d3a4444/aligner/src/main/scala/com/kristofszilagyi/sedito/aligner/Aligner.scala;40;17;11;0.008285004142502071;0.0035211267605633804;0.0022783761391880694
51af4a09ebaae98d4fe62d5eceedb279f0e663d6/whole_results.txt;3397;1453;839;6.349497105623707E-4;2.715872621275021E-4;1.568215505333615E-4
55089dd7269e4138c978df567333dca8715ffdeb/gui/src/main/scala/com/kristofszilagyi/sedito/gui/Main.scala;48;26;14;0.015113350125944584;0.00818639798488665;0.004408060453400504
55089dd7269e4138c978df567333dca8715ffdeb/gui/src/test/scala/com/kristofszilagyi/sedito/gui/TrainAndDiff.scala;23;10;6;0.002382925818483216;0.0010360547036883548;6.216328222130128E-4
5ca1344ca4f0d562b401037c99b46982839dc241/aligner/src/main/resources/scaler.xml;42079;36429;30645;0.464140745643062;0.40181998676373265;0.3380211780277962
5ca1344ca4f0d562b401037c99b46982839dc241/aligner/src/main/scala/com/kristofszilagyi/sedito/aligner/MetricCalculator.scala;94;38;26;0.0034147050276082534;0.0013804126707352513;9.44492879976751E-4
b8c470cd9b80fe5b9f72f536bae68faf458c885e/avg_learning_curve.arff;542;194;116;0.040354403990767625;0.01444419626237808;0.008636735909463181
b8c470cd9b80fe5b9f72f536bae68faf458c885e/flattened_learning_curve.arff;1562;430;237;0.013302674161130982;0.003662067790836314;0.0020183955033214102
b8c470cd9b80fe5b9f72f536bae68faf458c885e/gui/src/test/scala/com/kristofszilagyi/sedito/gui/LearningCurve.scala;9;3;2;0.003605769230769231;0.001201923076923077;8.012820512820513E-4
b8c470cd9b80fe5b9f72f536bae68faf458c885e/gui/src/test/scala/com/kristofszilagyi/sedito/gui/WholeAlgorithmMeasurer.scala;4;3;1;0.0015723270440251573;0.0011792452830188679;3.9308176100628933E-4
63ce6beb1c7176b35f203da2b276cc996d85bda3/gui/src/test/scala/com/kristofszilagyi/sedito/gui/LearningCurve.scala;18;6;5;0.003780718336483932;0.001260239445494644;0.0010501995379122034
0c058ed7c1be3da9c54a4098625cb15584cfaa28/aligner/src/main/scala/com/kristofszilagyi/sedito/aligner/Aligner.scala;59;28;18;0.017564751414111342;0.008335814230425722;0.005358737719559393
0c058ed7c1be3da9c54a4098625cb15584cfaa28/gui/src/test/scala/com/kristofszilagyi/sedito/gui/WholeAlgorithmMeasurer.scala;127;49;19;0.012983030055203435;0.005009200572480065;0.0019423430791249234
9cf08b4e2abbc14aaa83d1efddc150fe8350701e/gui/src/test/scala/com/kristofszilagyi/sedito/gui/TrainAndDiff.scala;41;12;9;0.002786083174775754;8.154389779831476E-4;6.115792334873607E-4
b427728920c78fad489980fe58343b96e91e23f1/aligner/src/main/resources/scaler.xml;16978;15862;9540;0.4590137341840597;0.4288417865253596;0.25792148805017845
b427728920c78fad489980fe58343b96e91e23f1/gui/src/test/scala/com/kristofszilagyi/sedito/gui/LearningCurve.scala;11;4;2;0.003062360801781737;0.0011135857461024498;5.567928730512249E-4
b427728920c78fad489980fe58343b96e91e23f1/gui/src/test/scala/com/kristofszilagyi/sedito/gui/TrainAndDiff.scala;6;1;1;8.609556607834697E-4;1.4349261013057828E-4;1.4349261013057828E-4
b427728920c78fad489980fe58343b96e91e23f1/gui/src/test/scala/com/kristofszilagyi/sedito/gui/WholeAlgorithmMeasurer.scala;4;1;1;0.0023923444976076554;5.980861244019139E-4;5.980861244019139E-4
fbd9bbc95060ecafa282593c90aeea7389e9f976/gui/src/test/scala/com/kristofszilagyi/sedito/gui/TrainAndDiff.scala;1;0;0;2.632964718272775E-4;0.0;0.0
fbd9bbc95060ecafa282593c90aeea7389e9f976/results.txt;4919;1882;1021;0.002491153846348629;9.5311070112383E-4;5.170701518849258E-4
